   3.7806863e+80
   4.9190295e+63
   3.1912943e+52
   2.7675551e+44
   2.7985202e+38
   7.5655626e+33
   2.2820291e+30
   4.7156289e+27
   4.8425363e+25
   1.7399480e+24
   1.4705064e+23
   2.0840712e+22
   3.9739507e+21
   9.0720870e+20
   2.3523861e+20
   6.8187036e+19
   7.1352934e+19
   7.4664373e+19
   7.8127988e+19
   8.1750715e+19
   8.5539805e+19
   8.9502837e+19
   9.3647732e+19
   9.7982771e+19
   1.0251661e+20
   1.0725829e+20
   1.1221728e+20
   1.1740345e+20
   1.2282714e+20
   1.2849915e+20
   1.3443075e+20
   1.4063375e+20
   1.4712048e+20
   1.5390382e+20
   1.6099725e+20
   1.6841483e+20
   1.7617129e+20
   1.8428199e+20
   1.9276302e+20
   2.0163117e+20
   2.1090400e+20
   2.2059985e+20
   2.3073790e+20
   2.4133819e+20
   2.5242168e+20
   2.6401025e+20
   2.7612677e+20
   2.8879517e+20
   3.0204044e+20
   3.1588868e+20
   3.3036719e+20
   3.4550451e+20
   3.6133043e+20
   3.7787612e+20
   3.9517414e+20
   4.1325851e+20
   4.3216480e+20
   4.5193017e+20
   4.7259346e+20
   4.9419526e+20
   5.1677799e+20
   5.4038598e+20
   5.6506556e+20
   5.9086515e+20
   6.1783533e+20
   6.4602900e+20
   6.7550140e+20
   7.0631029e+20
   7.3851602e+20
   7.7218164e+20
   8.0737308e+20
   8.4415922e+20
   8.8261202e+20
   9.2280673e+20
   9.6482194e+20
   1.0087398e+21
   1.0546462e+21
   1.1026308e+21
   1.1527875e+21
   1.2052141e+21
   1.2600131e+21
   1.3172915e+21
   1.3771611e+21
   1.4397388e+21
   1.5051468e+21
   1.5735127e+21
   1.6449698e+21
   1.7196576e+21
   1.7977217e+21
   1.8793144e+21
   1.9645948e+21
   2.0537292e+21
   2.1468914e+21
   2.2442628e+21
   2.3460334e+21
   2.4524014e+21
   2.5635742e+21
   2.6797683e+21
   2.8012101e+21
   2.9281363e+21
   3.0607941e+21
   3.1994419e+21
   3.3443498e+21
   3.4957999e+21
   3.6540874e+21
   3.8195205e+21
