   3.0367200e+10
   2.9377317e+10
   2.8280211e+10
   2.7039076e+10
   2.5658202e+10
   2.4175045e+10
   2.2914150e+10
   2.3385325e+10
   2.8705501e+10
   3.9705579e+10
   5.0896067e+10
   5.6718994e+10
   5.7836333e+10
   5.7193399e+10
   5.6201201e+10
   5.5156865e+10
   5.5323107e+10
   5.5489470e+10
   5.5656005e+10
   5.5822713e+10
   5.5989595e+10
   5.6156650e+10
   5.6323880e+10
   5.6491284e+10
   5.6658863e+10
   5.6826617e+10
   5.6994546e+10
   5.7162651e+10
   5.7330932e+10
   5.7499390e+10
   5.7668024e+10
   5.7836835e+10
   5.8005824e+10
   5.8174991e+10
   5.8344335e+10
   5.8513858e+10
   5.8683559e+10
   5.8853440e+10
   5.9023500e+10
   5.9193739e+10
   5.9364159e+10
   5.9534759e+10
   5.9705539e+10
   5.9876501e+10
   6.0047644e+10
   6.0218969e+10
   6.0390476e+10
   6.0562165e+10
   6.0734037e+10
   6.0906092e+10
   6.1078331e+10
   6.1250753e+10
   6.1423359e+10
   6.1596150e+10
   6.1769126e+10
   6.1942287e+10
   6.2115633e+10
   6.2289166e+10
   6.2462884e+10
   6.2636789e+10
   6.2810882e+10
   6.2985161e+10
   6.3159628e+10
   6.3334283e+10
   6.3509126e+10
   6.3684159e+10
   6.3859380e+10
   6.4034790e+10
   6.4210391e+10
   6.4386182e+10
   6.4562163e+10
   6.4738335e+10
   6.4914698e+10
   6.5091254e+10
   6.5268001e+10
   6.5444940e+10
   6.5622072e+10
   6.5799398e+10
   6.5976917e+10
   6.6154629e+10
   6.6332536e+10
   6.6510638e+10
   6.6688935e+10
   6.6867427e+10
   6.7046114e+10
   6.7224998e+10
   6.7404079e+10
   6.7583356e+10
   6.7762831e+10
   6.7942503e+10
   6.8122374e+10
   6.8302443e+10
   6.8482711e+10
   6.8663178e+10
   6.8843844e+10
   6.9024711e+10
   6.9205778e+10
   6.9387046e+10
   6.9568515e+10
   6.9750186e+10
   6.9932059e+10
   7.0114134e+10
   7.0296412e+10
   7.0478893e+10
   7.0661578e+10
   7.0844467e+10
