   1.0000000e-04
   9.1529946e-02
   1.8287226e-01
   2.7409699e-01
   3.6517309e-01
   4.5607599e-01
   5.4684401e-01
   6.3784333e-01
   7.3027236e-01
   8.2603070e-01
   9.2614602e-01
   1.0296221e+00
   1.1345831e+00
   1.2398315e+00
   1.3449767e+00
   1.4499435e+00
   1.5548636e+00
   1.6598796e+00
   1.7649917e+00
   1.8701999e+00
   1.9755045e+00
   2.0809057e+00
   2.1864037e+00
   2.2919985e+00
   2.3976905e+00
   2.5034797e+00
   2.6093664e+00
   2.7153507e+00
   2.8214328e+00
   2.9276129e+00
   3.0338912e+00
   3.1402679e+00
   3.2467430e+00
   3.3533170e+00
   3.4599898e+00
   3.5667617e+00
   3.6736329e+00
   3.7806035e+00
   3.8876738e+00
   3.9948440e+00
   4.1021141e+00
   4.2094844e+00
   4.3169552e+00
   4.4245265e+00
   4.5321986e+00
   4.6399716e+00
   4.7478458e+00
   4.8558213e+00
   4.9638983e+00
   5.0720771e+00
   5.1803578e+00
   5.2887405e+00
   5.3972256e+00
   5.5058131e+00
   5.6145034e+00
   5.7232965e+00
   5.8321926e+00
   5.9411921e+00
   6.0502950e+00
   6.1595016e+00
   6.2688120e+00
   6.3782264e+00
   6.4877452e+00
   6.5973683e+00
   6.7070962e+00
   6.8169288e+00
   6.9268666e+00
   7.0369095e+00
   7.1470580e+00
   7.2573120e+00
   7.3676720e+00
   7.4781380e+00
   7.5887103e+00
   7.6993890e+00
   7.8101744e+00
   7.9210667e+00
   8.0320661e+00
   8.1431728e+00
   8.2543870e+00
   8.3657089e+00
   8.4771387e+00
   8.5886766e+00
   8.7003229e+00
   8.8120777e+00
   8.9239413e+00
   9.0359139e+00
   9.1479956e+00
   9.2601868e+00
   9.3724876e+00
   9.4848982e+00
   9.5974188e+00
   9.7100497e+00
   9.8227910e+00
   9.9356431e+00
   1.0048606e+01
   1.0161680e+01
   1.0274866e+01
   1.0388163e+01
   1.0501571e+01
   1.0615092e+01
   1.0728725e+01
   1.0842471e+01
   1.0956329e+01
   1.1070300e+01
   1.1184384e+01
   1.1298582e+01
