   2.8000000e+03
   2.7977506e+03
   2.7946342e+03
   2.7905515e+03
   2.7855341e+03
   2.7799472e+03
   2.7772768e+03
   2.7941164e+03
   2.8648318e+03
   2.9979788e+03
   3.1315889e+03
   3.2037160e+03
   3.2224731e+03
   3.2213024e+03
   3.2161598e+03
   3.2103755e+03
   3.2133072e+03
   3.2162444e+03
   3.2191869e+03
   3.2221348e+03
   3.2250881e+03
   3.2280469e+03
   3.2310110e+03
   3.2339806e+03
   3.2369557e+03
   3.2399363e+03
   3.2429223e+03
   3.2459139e+03
   3.2489110e+03
   3.2519136e+03
   3.2549218e+03
   3.2579355e+03
   3.2609549e+03
   3.2639798e+03
   3.2670103e+03
   3.2700465e+03
   3.2730884e+03
   3.2761359e+03
   3.2791891e+03
   3.2822479e+03
   3.2853125e+03
   3.2883828e+03
   3.2914589e+03
   3.2945407e+03
   3.2976283e+03
   3.3007217e+03
   3.3038209e+03
   3.3069259e+03
   3.3100368e+03
   3.3131535e+03
   3.3162761e+03
   3.3194046e+03
   3.3225390e+03
   3.3256793e+03
   3.3288256e+03
   3.3319778e+03
   3.3351360e+03
   3.3383002e+03
   3.3414704e+03
   3.3446466e+03
   3.3478289e+03
   3.3510173e+03
   3.3542117e+03
   3.3574122e+03
   3.3606188e+03
   3.3638316e+03
   3.3670505e+03
   3.3702755e+03
   3.3735068e+03
   3.3767442e+03
   3.3799879e+03
   3.3832378e+03
   3.3864940e+03
   3.3897564e+03
   3.3930252e+03
   3.3963002e+03
   3.3995816e+03
   3.4028693e+03
   3.4061634e+03
   3.4094639e+03
   3.4127707e+03
   3.4160840e+03
   3.4194038e+03
   3.4227300e+03
   3.4260626e+03
   3.4294018e+03
   3.4327475e+03
   3.4360997e+03
   3.4394584e+03
   3.4428238e+03
   3.4461957e+03
   3.4495743e+03
   3.4529594e+03
   3.4563513e+03
   3.4597498e+03
   3.4631549e+03
   3.4665668e+03
   3.4699855e+03
   3.4734108e+03
   3.4768430e+03
   3.4802819e+03
   3.4837276e+03
   3.4871802e+03
   3.4906396e+03
   3.4941059e+03
   3.4975791e+03
