   2.7300000e+02
   3.5788656e+02
   4.5064554e+02
   5.5398316e+02
   6.6770543e+02
   7.9133862e+02
   9.2291117e+02
   1.0568846e+03
   1.1843884e+03
   1.2986100e+03
   1.3994076e+03
   1.4914065e+03
   1.5797157e+03
   1.6677665e+03
   1.7571848e+03
   1.8480000e+03
   1.8496667e+03
   1.8513333e+03
   1.8530000e+03
   1.8546667e+03
   1.8563333e+03
   1.8580000e+03
   1.8596667e+03
   1.8613333e+03
   1.8630000e+03
   1.8646667e+03
   1.8663333e+03
   1.8680000e+03
   1.8696667e+03
   1.8713333e+03
   1.8730000e+03
   1.8746667e+03
   1.8763333e+03
   1.8780000e+03
   1.8796667e+03
   1.8813333e+03
   1.8830000e+03
   1.8846667e+03
   1.8863333e+03
   1.8880000e+03
   1.8896667e+03
   1.8913333e+03
   1.8930000e+03
   1.8946667e+03
   1.8963333e+03
   1.8980000e+03
   1.8996667e+03
   1.9013333e+03
   1.9030000e+03
   1.9046667e+03
   1.9063333e+03
   1.9080000e+03
   1.9096667e+03
   1.9113333e+03
   1.9130000e+03
   1.9146667e+03
   1.9163333e+03
   1.9180000e+03
   1.9196667e+03
   1.9213333e+03
   1.9230000e+03
   1.9246667e+03
   1.9263333e+03
   1.9280000e+03
   1.9296667e+03
   1.9313333e+03
   1.9330000e+03
   1.9346667e+03
   1.9363333e+03
   1.9380000e+03
   1.9396667e+03
   1.9413333e+03
   1.9430000e+03
   1.9446667e+03
   1.9463333e+03
   1.9480000e+03
   1.9496667e+03
   1.9513333e+03
   1.9530000e+03
   1.9546667e+03
   1.9563333e+03
   1.9580000e+03
   1.9596667e+03
   1.9613333e+03
   1.9630000e+03
   1.9646667e+03
   1.9663333e+03
   1.9680000e+03
   1.9696667e+03
   1.9713333e+03
   1.9730000e+03
   1.9746667e+03
   1.9763333e+03
   1.9780000e+03
   1.9796667e+03
   1.9813333e+03
   1.9830000e+03
   1.9846667e+03
   1.9863333e+03
   1.9880000e+03
   1.9896667e+03
   1.9913333e+03
   1.9930000e+03
   1.9946667e+03
   1.9963333e+03
   1.9980000e+03
