   3.2932398e+03
   3.2404219e+03
   3.1811111e+03
   3.1127978e+03
   3.0350012e+03
   2.9489361e+03
   2.8723826e+03
   2.8930068e+03
   3.1654321e+03
   3.6392466e+03
   4.0314357e+03
   4.2076272e+03
   4.2364855e+03
   4.2136378e+03
   4.1802667e+03
   4.1449746e+03
   4.1493222e+03
   4.1536583e+03
   4.1579850e+03
   4.1623023e+03
   4.1666102e+03
   4.1709087e+03
   4.1751979e+03
   4.1794777e+03
   4.1837483e+03
   4.1880096e+03
   4.1922616e+03
   4.1965044e+03
   4.2007380e+03
   4.2049624e+03
   4.2091777e+03
   4.2133838e+03
   4.2175808e+03
   4.2217686e+03
   4.2259474e+03
   4.2301172e+03
   4.2342779e+03
   4.2384296e+03
   4.2425723e+03
   4.2467060e+03
   4.2508308e+03
   4.2549466e+03
   4.2590535e+03
   4.2631515e+03
   4.2672406e+03
   4.2713209e+03
   4.2753924e+03
   4.2794550e+03
   4.2835088e+03
   4.2875539e+03
   4.2915901e+03
   4.2956177e+03
   4.2996365e+03
   4.3036466e+03
   4.3076480e+03
   4.3116407e+03
   4.3156248e+03
   4.3196003e+03
   4.3235671e+03
   4.3275254e+03
   4.3314750e+03
   4.3354161e+03
   4.3393487e+03
   4.3432727e+03
   4.3471882e+03
   4.3510952e+03
   4.3549937e+03
   4.3588838e+03
   4.3627654e+03
   4.3666386e+03
   4.3705034e+03
   4.3743598e+03
   4.3782078e+03
   4.3820474e+03
   4.3858787e+03
   4.3897016e+03
   4.3935162e+03
   4.3973226e+03
   4.4011206e+03
   4.4049103e+03
   4.4086918e+03
   4.4124651e+03
   4.4162301e+03
   4.4199869e+03
   4.4237356e+03
   4.4274760e+03
   4.4312083e+03
   4.4349324e+03
   4.4386483e+03
   4.4423562e+03
   4.4460559e+03
   4.4497475e+03
   4.4534310e+03
   4.4571065e+03
   4.4607739e+03
   4.4644333e+03
   4.4680846e+03
   4.4717279e+03
   4.4753632e+03
   4.4789906e+03
   4.4826099e+03
   4.4862213e+03
   4.4898247e+03
   4.4934202e+03
   4.4970077e+03
   4.5005873e+03
